NEXT
46.44,319.33
45.57,317.40
47.50,316.53
63.55,322.58
64.42,324.51
62.49,325.38
46.44,319.33
46.44,319.33
NEXT
49.87,310.22
65.93,316.27
66.80,318.20
64.87,319.08
48.82,313.03
47.94,311.10
49.87,310.22
49.87,310.22
49.87,310.22
NEXT
45.83,305.33
40.58,303.35
39.71,301.42
41.64,300.55
46.88,302.53
47.76,304.46
45.83,305.33
45.83,305.33
45.83,305.33
NEXT
38.28,325.34
33.04,323.36
32.16,321.43
34.09,320.56
39.34,322.54
40.22,324.47
38.28,325.34
38.28,325.34
38.28,325.34
NEXT
73.16,324.37
92.07,331.50
91.17,333.90
72.26,326.77
73.16,324.37
73.16,324.37
NEXT
52.63,344.88
60.05,336.56
67.80,330.10
70.80,331.25
105.40,342.36
121.02,343.55
108.49,334.15
75.17,319.65
72.57,318.68
71.24,306.86
71.16,295.72
73.72,288.94
73.75,288.77
102.44,299.58
103.29,297.33
72.22,285.62
69.00,284.41
64.72,282.79
61.41,284.30
59.49,289.38
49.00,300.87
41.79,298.15
36.83,300.39
39.07,305.36
45.30,307.70
42.98,313.17
40.65,320.52
34.26,318.11
29.30,320.36
31.55,325.32
39.10,328.16
39.68,341.94
36.99,349.10
38.48,352.41
45.98,355.24
46.04,355.25
77.06,366.95
77.91,364.69
49.21,353.88
49.29,353.74
52.63,344.88
52.63,344.88
NEXT
345.47,242.35
343.06,246.03
339.44,243.52
341.86,239.84
345.47,242.35
345.47,242.35
345.47,242.35
NEXT
343.75,249.26
338.90,248.27
336.17,244.14
337.15,239.29
341.28,236.55
346.14,237.54
348.87,241.67
347.88,246.53
343.75,249.26
343.75,249.26
343.75,249.26
NEXT
369.64,234.34
368.02,233.38
360.42,200.10
365.64,234.72
363.08,237.36
352.55,236.87
347.19,232.86
340.09,232.28
333.76,235.45
330.28,241.13
323.38,244.33
318.92,243.60
317.42,241.65
309.84,210.00
315.06,243.04
314.13,244.97
315.46,251.83
317.36,253.25
323.54,282.95
320.10,252.61
324.13,249.75
332.10,250.46
337.46,254.43
344.51,254.99
350.72,251.93
354.23,246.44
363.67,242.98
367.88,245.09
374.76,272.99
370.40,244.70
371.26,242.77
369.64,234.34
369.64,234.34
NEXT
340.42,245.86
339.15,244.36
336.66,244.84
339.07,247.99
339.22,248.08
340.63,245.98
340.42,245.86
340.42,245.86
340.42,245.86
NEXT
346.06,242.26
346.10,242.52
348.56,242.04
348.52,241.79
346.41,238.28
344.99,240.38
346.06,242.26
346.06,242.26
346.06,242.26
NEXT
345.50,244.87
345.40,245.01
347.49,246.42
347.55,246.34
348.61,242.52
346.12,243.00
345.50,244.87
345.50,244.87
345.50,244.87
NEXT
339.64,248.31
343.46,248.91
342.97,246.41
341.07,246.19
339.64,248.31
339.64,248.31
NEXT
338.93,243.65
339.25,241.44
337.15,240.03
336.47,244.13
336.53,244.38
338.99,243.90
338.93,243.65
338.93,243.65
338.93,243.65
NEXT
341.64,239.57
341.16,237.07
337.44,239.57
337.41,239.62
339.50,241.03
341.64,239.57
341.64,239.57
341.64,239.57
NEXT
343.44,246.32
343.93,248.82
347.20,246.80
345.08,245.38
343.44,246.32
343.44,246.32
343.44,246.32
NEXT
344.61,240.08
346.02,237.99
345.92,237.92
341.63,236.98
342.11,239.48
344.57,240.05
344.61,240.08
344.61,240.08
344.61,240.08
NEXT
275.90,464.65
271.89,469.23
267.66,471.33
258.91,474.90
241.03,481.03
238.50,481.83
241.16,481.81
259.91,482.42
269.18,483.54
273.66,484.61
275.71,485.46
277.12,486.70
277.18,487.39
276.82,488.27
275.56,490.07
272.39,493.42
265.37,499.57
250.50,510.96
243.01,516.36
251.53,512.74
267.13,506.84
283.19,503.04
287.18,502.94
290.67,503.83
292.49,506.31
292.51,509.95
289.87,517.50
285.77,524.58
282.66,529.20
287.59,526.59
305.50,518.08
324.13,512.00
328.78,511.57
333.21,512.29
341.26,516.96
348.04,523.82
353.66,531.70
356.16,535.86
357.00,531.05
361.47,514.90
365.66,508.41
366.99,507.52
367.69,507.29
368.56,507.11
372.31,507.20
379.98,509.70
387.30,513.76
400.78,523.98
408.05,530.40
403.90,521.62
400.55,513.15
398.59,504.43
398.67,500.28
400.04,497.10
401.29,496.17
402.12,495.84
403.07,495.58
407.34,495.10
416.43,495.57
425.59,496.91
443.77,500.92
458.16,504.67
445.37,497.06
428.47,485.74
NEXT
428.46,485.75
421.23,479.10
420.55,478.20
420.24,477.75
419.99,477.32
419.53,475.97
419.65,475.57
420.09,474.93
421.61,473.53
430.25,469.02
439.80,465.57
459.50,460.12
458.71,455.93
435.46,458.30
423.88,458.48
418.24,458.00
413.35,456.62
412.70,456.11
412.52,455.86
412.98,454.49
416.44,450.57
425.59,443.66
445.35,431.30
443.58,427.65
423.64,436.43
413.27,439.85
402.79,442.28
397.68,442.58
396.52,442.45
395.48,442.19
394.01,441.24
392.68,437.20
392.91,432.10
395.41,421.68
399.19,411.53
404.66,398.82
396.16,409.72
383.87,423.80
369.62,435.46
365.61,437.22
361.70,437.56
358.02,435.84
354.72,432.90
349.21,425.57
344.76,417.44
343.24,414.22
342.17,417.61
335.45,433.11
330.33,439.47
327.06,441.23
323.26,441.23
315.60,438.28
308.48,433.68
295.53,422.54
290.74,417.83
293.92,423.73
298.21,432.86
301.29,442.42
301.96,447.33
301.34,452.05
298.35,455.32
293.65,456.42
283.60,456.03
273.57,454.34
253.85,449.23
253.62,449.84
266.61,456.34
272.60,460.43
275.12,463.03
275.90,464.65
NEXT
306.61,489.06
311.30,487.70
312.27,487.51
312.61,487.79
312.61,487.97
312.62,488.00
312.34,488.57
311.36,489.00
306.66,490.35
306.61,489.06
306.61,489.06
NEXT
306.58,482.78
311.28,481.43
312.22,481.27
312.58,481.58
312.57,481.76
312.32,482.30
311.28,482.74
306.58,484.10
306.58,482.78
306.58,482.78
NEXT
319.13,479.48
319.13,479.16
319.05,478.48
318.37,476.84
317.16,475.58
315.56,474.90
313.77,474.98
300.15,478.91
300.26,497.93
313.88,494.00
315.82,492.94
317.54,491.10
318.75,488.91
319.21,486.74
319.20,486.39
319.18,486.13
319.15,485.82
318.54,484.33
317.64,483.22
318.63,481.50
319.13,479.48
319.13,479.48
319.13,479.48
NEXT
331.47,475.46
329.52,476.28
328.30,477.42
327.68,478.83
327.50,480.55
327.52,480.60
327.63,481.80
328.73,483.49
331.56,483.35
334.66,481.44
335.50,478.30
335.49,478.24
335.47,477.67
335.39,477.10
334.26,475.38
331.47,475.46
331.47,475.46
331.47,475.46
NEXT
331.56,489.05
327.68,489.76
324.58,489.37
322.38,487.72
321.18,484.68
320.99,482.48
320.97,482.43
321.70,477.84
323.82,474.25
327.12,471.60
331.45,469.80
335.30,469.09
338.43,469.48
340.64,471.09
341.85,474.07
341.97,475.18
342.02,476.36
342.03,476.41
341.27,481.08
339.18,484.66
335.87,487.28
331.56,489.05
331.56,489.05
331.56,489.05
NEXT
354.38,468.85
352.42,469.68
351.20,470.82
350.59,472.22
350.41,473.94
350.42,474.00
350.53,475.19
351.64,476.89
354.46,476.75
357.56,474.83
358.41,471.69
358.39,471.64
358.37,471.06
358.30,470.50
357.16,468.78
354.38,468.85
354.38,468.85
354.38,468.85
NEXT
354.47,482.44
350.58,483.15
347.49,482.76
345.29,481.12
344.09,478.07
343.89,475.88
343.88,475.82
344.60,471.23
346.72,467.64
350.02,464.99
354.35,463.19
358.21,462.49
361.33,462.87
363.55,464.48
364.76,467.47
364.87,468.57
364.92,469.76
364.94,469.81
364.18,474.47
362.08,478.06
358.78,480.67
354.47,482.44
354.47,482.44
354.47,482.44
NEXT
389.28,472.26
382.86,474.11
382.82,466.67
378.65,475.32
377.58,475.63
373.27,469.42
373.31,476.86
366.92,478.71
366.81,459.69
373.31,457.81
377.82,464.11
382.16,455.26
389.18,453.24
389.28,472.26
389.28,472.26
NEXT
391.23,471.70
391.21,465.97
397.61,464.13
397.62,469.85
391.23,471.70
391.23,471.70
NEXT
397.51,450.83
397.56,462.86
391.17,464.70
391.12,452.68
397.51,450.83
397.51,450.83
NEXT
449.53,87.31
447.63,86.59
447.53,88.17
447.52,90.56
447.14,93.23
446.23,91.82
445.96,88.89
445.31,87.12
443.53,88.35
444.47,86.03
444.68,84.80
441.74,85.27
442.91,83.81
444.30,82.84
443.03,80.74
443.83,79.82
445.34,81.44
445.82,78.98
446.12,76.33
447.26,77.84
447.22,80.80
447.64,82.52
448.60,80.82
449.15,82.64
450.91,83.76
451.27,84.63
449.34,85.46
449.55,87.27
449.53,87.31
449.53,87.31
NEXT
48.00,109.67
46.10,108.96
45.99,110.54
45.98,112.93
45.61,115.60
44.70,114.19
44.42,111.26
43.78,109.49
42.00,110.72
42.93,108.40
43.15,107.17
40.21,107.64
41.37,106.17
42.77,105.20
41.50,103.11
42.30,102.19
43.80,103.81
44.29,101.35
44.59,98.70
45.73,100.21
45.68,103.17
46.11,104.89
47.07,103.19
47.62,105.01
49.38,106.13
49.73,107.00
47.80,107.83
48.01,109.64
48.00,109.67
48.00,109.67
NEXT
112.03,494.15
110.13,493.44
110.02,495.02
110.01,497.41
109.64,500.07
108.73,498.66
108.45,495.73
107.80,493.97
106.03,495.20
106.96,492.87
107.18,491.64
104.24,492.11
105.40,490.65
106.80,489.68
105.53,487.58
106.33,486.66
107.83,488.28
108.32,485.82
108.61,483.17
109.76,484.68
109.71,487.65
110.14,489.37
111.09,487.67
111.65,489.48
113.41,490.60
113.76,491.48
111.83,492.30
112.04,494.12
112.03,494.15
112.03,494.15
NEXT
250.03,401.52
253.51,403.45
NEXT
242.29,399.20
245.77,401.52
NEXT
260.86,395.71
260.86,397.65
NEXT
201.68,392.23
193.56,394.94
NEXT
243.07,391.07
245.00,393.00
NEXT
234.56,389.13
237.65,389.52
NEXT
254.28,387.58
253.52,392.16
249.26,393.78
NEXT
239.20,387.58
238.81,392.23
NEXT
263.57,386.42
266.46,390.55
265.72,396.06
261.44,398.42
258.90,402.21
254.39,404.07
251.54,407.07
247.04,408.39
243.10,406.44
238.04,399.97
NEXT
246.16,381.39
251.19,381.78
NEXT
242.68,377.91
240.31,381.39
242.68,385.26
NEXT
235.72,376.36
232.17,380.23
231.74,385.33
234.56,389.13
233.04,396.10
238.42,398.81
NEXT
253.51,375.58
256.99,380.23
NEXT
169.57,372.87
172.28,372.87
NEXT
238.04,376.74
235.86,374.73
237.67,371.49
243.45,371.32
NEXT
242.68,372.87
246.17,370.09
250.40,370.55
253.51,375.58
257.70,374.65
261.59,376.76
264.31,382.94
261.63,388.74
NEXT
244.23,360.49
251.58,363.71
260.09,367.88
268.25,376.21
272.35,387.20
270.45,400.33
261.63,409.93
252.19,411.77
242.68,409.90
230.69,404.52
225.66,402.22
222.18,401.61
213.28,398.40
201.29,395.48
193.56,394.94
NEXT
201.68,392.23
184.28,385.17
172.28,372.87
180.40,371.71
171.51,365.68
146.37,355.37
136.70,350.81
149.46,349.66
168.03,348.10
181.57,349.65
177.70,346.16
176.15,345.78
185.05,344.62
208.25,348.43
214.83,350.66
219.45,352.54
221.02,351.97
217.54,349.26
219.08,349.26
226.05,350.76
244.23,360.49
231.46,360.10
234.94,363.97
233.40,364.36
226.05,362.66
208.64,357.52
200.09,355.96
196.99,355.57
208.25,363.20
201.68,362.69
188.14,357.69
174.99,352.70
166.48,351.71
160.68,352.74
163.00,352.74
164.56,353.45
168.03,354.30
175.76,358.35
193.17,375.84
205.16,381.39
192.78,382.55
206.32,388.79
215.22,391.84
210.58,393.72
206.92,394.39
211.95,394.39
217.92,395.86
225.66,402.22
NEXT
41.95,59.16
69.88,59.16
73.04,58.58
75.90,56.94
78.12,54.49
79.58,51.39
79.81,50.28
79.99,49.23
79.58,44.79
77.83,40.70
75.31,36.66
72.63,32.52
89.16,32.52
92.44,21.06
67.48,21.06
64.10,21.76
60.88,23.57
58.25,26.38
56.62,29.83
56.26,31.23
56.26,31.58
56.97,36.02
58.95,40.23
61.58,44.09
64.15,47.71
45.22,47.71
41.95,59.16
41.95,59.16
NEXT
96.64,21.06
135.50,21.06
132.23,32.52
119.73,32.52
112.25,59.16
98.40,59.16
105.88,32.52
93.37,32.52
96.64,21.06
96.64,21.06
NEXT
145.55,43.15
153.56,43.15
152.92,31.11
145.55,43.15
145.55,43.15
NEXT
153.79,53.32
139.65,53.32
135.97,59.16
121.71,59.16
144.38,21.06
166.59,21.06
167.76,59.16
154.09,59.16
153.79,53.32
153.79,53.32
NEXT
190.78,37.60
200.19,37.60
203.17,36.96
204.51,35.09
204.63,34.50
204.16,33.04
201.59,32.52
192.18,32.52
190.78,37.60
190.78,37.60
NEXT
184.71,59.16
170.86,59.16
181.61,21.06
211.12,21.06
214.74,21.94
217.55,24.28
219.24,27.55
219.65,31.23
219.53,31.93
219.42,32.63
218.07,37.25
215.91,41.28
212.17,45.02
207.61,47.83
203.23,48.88
187.57,48.88
184.71,59.16
184.71,59.16
NEXT
282.70,35.50
282.00,21.06
269.73,21.06
260.67,35.50
260.03,21.06
246.35,21.06
247.52,59.16
261.31,59.16
269.61,44.14
269.49,59.16
283.28,59.16
305.96,21.06
291.70,21.06
282.70,35.50
282.70,35.50
NEXT
314.02,43.15
322.03,43.15
321.38,31.11
314.02,43.15
314.02,43.15
NEXT
322.26,53.32
308.12,53.32
304.44,59.16
290.18,59.16
312.85,21.06
335.06,21.06
336.23,59.16
322.55,59.16
322.26,53.32
322.26,53.32
NEXT
359.37,37.13
367.31,37.13
370.29,36.61
371.87,34.85
371.87,34.50
368.60,32.52
360.65,32.52
359.37,37.13
359.37,37.13
NEXT
353.17,59.16
339.32,59.16
350.08,21.06
379.70,21.06
382.74,21.88
385.25,24.04
386.83,27.02
387.18,30.41
387.07,31.11
386.89,31.81
385.90,35.20
384.20,39.18
381.51,42.74
377.83,45.66
373.10,47.71
388.64,47.71
385.37,59.16
362.99,59.16
360.19,57.82
358.08,54.90
356.80,51.33
356.33,47.83
353.17,59.16
353.17,59.16
NEXT
389.58,59.16
417.51,59.16
420.67,58.58
423.53,56.94
425.75,54.49
427.21,51.39
427.44,50.28
427.62,49.23
427.21,44.79
425.46,40.70
422.94,36.66
420.26,32.52
436.79,32.52
440.07,21.06
415.11,21.06
411.72,21.76
408.51,23.57
405.88,26.38
404.25,29.83
403.89,31.23
403.89,31.58
404.60,36.02
406.58,40.23
409.21,44.09
411.78,47.71
392.85,47.71
389.58,59.16
389.58,59.16
NEXT
146.71,750.21
141.15,758.75
139.69,758.52
136.10,760.47
136.56,763.26
129.32,768.75
129.07,768.37
128.32,765.18
126.65,762.11
125.60,760.86
122.69,757.56
118.10,754.31
112.47,753.46
108.79,753.31
101.85,753.51
95.35,755.47
92.89,757.36
88.94,761.74
86.68,765.91
86.27,768.09
86.28,769.56
88.05,774.16
88.13,774.50
87.50,774.72
83.01,773.65
80.39,772.89
74.65,770.00
68.34,765.54
65.36,763.08
63.95,761.91
62.57,760.44
59.14,755.88
56.31,751.62
57.43,751.34
59.96,749.26
60.14,745.10
58.71,740.72
55.91,738.98
52.26,739.33
50.56,739.15
48.65,734.10
47.40,728.73
47.38,728.21
48.63,728.33
53.21,730.25
58.10,731.85
60.51,732.73
63.49,734.18
64.34,734.48
67.86,735.55
72.46,736.71
74.57,737.23
78.27,738.25
79.52,738.58
85.45,739.88
86.37,740.00
87.64,740.18
95.70,742.15
103.91,744.14
104.82,744.26
107.65,744.67
113.69,746.23
113.87,746.28
117.81,747.05
118.72,747.09
121.99,747.62
125.10,747.89
125.64,748.00
130.21,748.50
131.26,748.79
134.15,748.96
135.05,748.93
139.07,749.45
139.80,749.54
146.71,750.21
NEXT
156.04,717.68
155.85,714.59
157.12,714.72
163.82,717.37
175.17,722.67
179.61,725.29
183.84,728.52
185.02,729.39
186.41,730.59
187.69,732.14
190.02,736.66
190.70,740.02
189.44,742.44
187.89,743.72
183.45,745.90
181.02,746.72
174.85,747.59
172.29,747.83
169.53,747.96
164.39,747.88
160.19,747.80
158.91,747.70
153.60,747.93
149.56,747.81
144.28,747.10
143.36,747.04
141.74,746.88
140.84,746.77
138.29,746.59
136.84,746.34
135.38,746.42
134.11,746.27
130.34,745.49
127.65,745.04
125.08,744.93
120.85,744.71
119.93,744.59
114.72,743.49
113.62,743.39
112.72,743.28
109.52,742.64
106.08,742.03
101.93,741.17
93.09,739.33
80.57,736.13
71.48,733.65
65.20,732.11
63.47,731.49
59.85,730.17
58.48,729.66
53.86,727.92
50.96,726.80
47.46,725.71
45.84,725.33
45.17,725.04
40.44,722.66
39.94,722.43
33.80,719.43
32.38,718.61
31.77,718.22
29.71,717.13
27.49,715.84
23.15,713.11
17.96,709.62
14.54,705.83
13.44,704.13
13.21,701.15
15.50,698.68
16.28,698.20
17.94,697.46
21.13,696.56
29.00,694.76
35.38,693.98
42.53,693.51
51.20,693.77
53.04,694.15
51.58,696.33
47.74,696.16
46.44,696.15
41.11,696.21
35.59,696.52
30.45,697.03
25.25,698.08
23.63,698.42
22.29,698.99
21.43,702.38
24.45,705.80
30.32,709.94
33.46,711.48
36.57,713.08
44.70,716.58
52.08,719.41
55.06,720.38
60.31,722.15
64.72,723.46
67.51,724.41
74.51,726.66
83.44,728.84
90.48,730.32
98.59,732.17
105.39,733.79
105.94,733.87
111.52,734.97
115.66,735.81
116.91,736.13
118.89,736.47
120.35,736.72
121.80,736.99
128.92,737.97
129.80,738.24
131.43,738.51
136.72,739.08
144.77,740.02
146.97,740.26
149.54,740.31
155.97,740.55
161.67,740.83
164.79,740.88
167.72,740.57
173.61,740.18
181.32,738.43
183.72,737.08
184.38,735.01
180.26,729.50
175.87,726.79
173.83,725.53
170.49,723.61
163.96,720.61
160.01,719.07
156.04,717.68
NEXT
127.27,769.94
124.54,771.52
124.19,771.67
117.51,774.24
116.63,774.48
115.55,774.70
110.91,775.80
106.50,776.10
101.75,775.94
99.19,775.76
96.82,775.57
91.56,774.75
90.40,773.89
88.57,770.70
88.26,767.82
89.86,763.36
94.02,758.73
97.76,756.39
103.86,755.16
104.59,755.17
108.23,755.05
114.66,755.54
118.87,756.75
120.14,757.79
122.52,760.36
126.30,764.85
127.33,768.88
127.27,769.94
NEXT
51.41,741.43
54.86,740.62
55.96,740.69
57.42,741.85
58.48,744.60
58.36,748.38
57.71,748.99
55.74,749.44
54.86,748.92
53.13,745.51
51.55,742.19
51.41,741.43
NEXT
139.67,760.17
138.57,761.39
137.68,762.38
137.33,761.07
139.20,759.78
139.67,760.17
NEXT
147.46,215.31
147.37,212.63
150.13,212.52
NEXT
156.46,201.87
155.21,205.52
150.13,212.52
136.20,222.91
NEXT
59.03,193.01
67.17,194.54
67.68,200.60
64.10,204.01
NEXT
55.78,179.54
59.03,193.01
60.85,198.01
64.10,204.01
65.98,207.52
77.10,219.87
91.83,227.46
98.35,228.26
103.86,229.45
127.40,227.62
133.61,225.03
137.06,220.47
129.40,209.69
117.30,206.52
104.86,209.20
97.66,218.42
98.35,228.26
NEXT
164.02,171.05
180.00,177.39
186.50,181.31
191.33,187.50
188.03,191.21
182.50,192.60
172.99,193.01
160.89,191.99
NEXT
163.97,166.99
163.68,179.50
163.42,183.50
160.89,191.99
154.95,192.03
137.92,189.95
77.31,176.60
55.11,168.32
NEXT
77.80,163.58
79.98,165.24
78.74,167.66
75.94,166.13
77.80,163.58
NEXT
148.08,158.16
149.89,159.90
148.39,162.46
146.56,160.72
148.08,158.16
NEXT
61.47,149.58
40.24,150.46
32.33,153.54
36.23,159.54
50.26,167.06
55.11,168.32
57.08,163.49
63.28,145.75
NEXT
91.33,138.39
96.34,138.04
100.35,138.47
105.49,140.27
108.67,144.98
107.96,152.99
98.35,162.01
89.84,160.59
85.37,155.70
84.03,149.03
85.97,142.59
91.33,138.39
NEXT
124.70,129.52
126.14,131.89
124.70,129.52
NEXT
151.62,141.21
159.44,151.99
163.97,166.99
173.99,169.60
196.32,183.09
200.44,188.63
200.28,194.96
188.79,200.59
174.99,202.01
169.98,201.73
156.46,201.87
152.95,201.49
115.88,196.28
110.87,195.21
103.36,193.69
75.80,186.57
46.75,175.39
31.46,167.67
24.56,162.20
20.85,155.49
24.70,150.13
31.72,147.93
38.23,146.63
56.77,145.48
63.28,145.75
74.30,134.64
91.33,126.26
108.21,122.43
125.40,123.81
137.92,129.97
134.07,134.20
133.13,139.98
140.05,146.44
149.43,145.73
151.59,140.99
148.20,136.31
137.92,129.97
